03 03 11 12 11 03 02 11 03 02 
04 06 05 11 05 08 07 04 11 04
02 08 07 07 02 09 01 11 04 05 
06 02 10 03 06 02 05 02 02 06

03 11 11 12 11 04 03 03 03 07 
02 05 04 11 05 06 01 07 02 07
05 11 11 04 02 09 08 08 02 04
06 02 02 02 06 02 03 05 06 10

12 11 03 03 02 04 11 04 11 03
11 05 05 06 02 11 03 01 08 04
03 08 07 07 02 11 05 07 02 05
06 02 10 02 02 06 09 04 02 06

02 03 11 12 11 04 03 03 02 03
04 11 04 11 05 07 01 07 04 06 
05 11 05 11 06 02 08 07 02 10
06 02 03 09 02 06 02 05 08 02

11 12 11 03 03 04 11 03 02 04
04 11 05 06 02 05 07 01 06 11
08 05 07 10 05 11 07 08 02 03
02 06 03 02 02 02 04 02 06 09

12 11 03 03 11 03 02 04 11 03 
11 05 06 05 03 07 02 11 04 05
04 08 07 02 04 08 01 11 02 07
02 06 10 02 06 02 09 05 06 02

05 02 06 03 04 11 03 05 11 12
02 03 02 06 11 04 05 02 06 11
01 02 08 02 05 06 02 08 02 07
09 07 03 04 11 11 04 03 07 10

03 05 11 04 01 02 05 03 04 02
05 06 02 06 03 03 06 06 04 05
07 08 03 11 07 10 11 08 09 07
02 02 02 04 11 11 12 11 02 02

03 03 02 05 02 02 02 06 07 12
02 02 06 02 03 06 04 06 01 05
11 11 09 08 11 11 08 10 11 11
03 04 07 05 02 04 07 05 03 04

02 06 02 02 06 03 03 03 11 12
02 04 07 02 07 08 03 03 07 11
06 05 11 02 02 04 06 11 01 08
11 05 05 04 05 04 02 10 09 11

05 02 03 11 06 07 03 07 11 12
02 05 06 03 11 06 07 01 03 11
03 02 05 02 05 11 08 02 10 08
04 04 02 02 04 04 11 09 02 06

07 05 03 03 03 06 11 04 11 12
06 02 06 04 05 02 02 11 04 11
02 07 02 02 10 07 06 03 11 04
05 02 08 03 05 02 08 01 09 11

04 03 02 02 02 02 02 02 11 12
05 05 05 06 07 03 03 05 10 11
04 07 06 06 08 06 03 01 08 09
11 11 04 04 11 11 07 03 02 02

02 05 02 05 02 02 04 11 04 07
06 04 02 05 09 03 11 12 11 01
04 11 03 03 06 08 03 11 06 10
11 08 02 07 05 06 02 03 07 02

07 03 02 03 05 02 04 11 12 11
04 05 01 11 03 06 11 05 11 07
02 10 03 05 06 08 03 02 02 11
04 08 02 06 04 02 06 09 07 02

03 11 02 05 02 11 11 11 12 11
03 04 06 07 03 03 02 07 11 05
04 07 01 10 06 02 02 05 06 04
04 02 08 03 05 02 06 08 09 02

02 05 02 05 03 02 03 04 11 12
11 03 01 05 07 11 04 03 06 11
06 09 02 11 10 02 08 04 11 07
02 07 06 03 06 02 04 08 05 02

02 06 04 04 02 02 11 12 11 04
03 02 05 06 03 05 03 11 07 09
08 11 11 05 11 03 01 08 05 02
02 07 06 06 02 07 10 03 04 02

02 06 11 03 02 02 06 04 03 02
06 07 05 11 03 05 11 05 07 01
05 03 04 02 06 03 04 08 04 10
02 08 11 07 02 09 11 12 11 02

11 05 03 06 04 03 07 11 04 12
03 02 11 01 06 11 05 08 11 04
07 03 10 03 02 02 06 07 02 11
02 05 04 02 08 02 05 09 02 06

04 03 07 02 11 12 11 03 06 03
11 05 04 03 04 11 02 01 03 06
06 02 11 07 08 02 06 04 08 07
05 02 09 05 11 02 02 10 02 05

03 11 02 11 04 03 11 02 11 12
03 06 05 04 03 01 07 04 07 11
10 11 03 02 02 07 08 06 02 05
02 04 08 06 05 02 06 09 05 02

03 02 01 08 07 11 03 04 02 04
06 04 03 06 11 12 11 10 08 06
07 05 11 06 05 11 05 04 11 05
02 03 02 09 02 02 07 03 02 02

04 04 05 02 03 06 11 12 11 02
05 01 11 04 03 07 02 11 02 07
11 07 02 06 02 11 02 03 03 05
03 08 05 06 09 10 04 06 08 02

03 06 06 05 03 11 12 11 04 02
05 03 06 02 04 03 11 05 11 06
02 03 09 07 08 04 07 01 11 07
02 05 08 02 11 02 02 10 04 02

02 03 08 02 03 02 04 02 10 12
03 02 06 03 04 05 03 06 04 04
11 11 01 07 11 11 07 05 11 11
06 02 05 08 02 02 09 06 05 07

03 03 11 12 11 03 04 11 03 05
06 10 06 11 11 06 01 05 09 11
04 02 04 02 08 05 03 07 02 06
05 07 02 07 02 02 08 02 04 02

12 11 03 02 01 05 03 04 03 04
11 10 08 02 09 07 03 07 06 05
07 06 03 02 06 05 08 06 04 04
02 02 02 02 11 11 02 05 11 11

04 02 03 03 11 12 11 03 02 03
11 02 01 06 02 11 03 02 06 04
05 07 09 08 06 04 07 10 08 11
02 05 11 06 04 02 05 07 05 02

03 02 02 05 05 02 06 11 12 11
05 04 03 08 07 05 03 07 11 04
02 08 06 03 06 07 01 02 04 11
11 02 03 10 02 02 09 06 11 04

12 11 04 05 06 02 04 11 04 02
11 04 11 05 03 02 11 03 11 02
05 03 03 05 02 02 01 03 02 02
06 07 09 08 07 10 06 08 06 07

12 11 05 02 03 02 03 06 02 03
11 06 11 06 02 05 11 02 02 02
07 11 03 01 04 02 08 03 04 04
11 04 07 09 07 05 06 10 08 05

04 03 02 06 12 06 05 04 03 02
03 02 04 05 07 03 06 04 03 02
05 11 11 01 11 07 11 02 08 06
11 08 07 09 02 11 05 10 02 02

12 11 03 03 03 02 03 11 03 02
11 08 06 05 02 02 02 11 04 02
06 02 05 02 06 05 01 08 11 06
04 07 10 07 05 07 09 04 11 04

12 11 06 10 04 11 03 08 11 01
11 11 07 06 05 05 02 04 11 06
09 08 03 06 05 04 07 05 07 04
03 02 03 02 02 02 02 02 02 03

09 07 08 05 03 02 02 02 06 04
07 12 05 03 11 02 11 04 03 10
03 02 04 05 07 02 08 03 11 06
06 01 11 02 02 04 11 11 06 05

09 03 04 02 03 03 02 04 04 02
12 07 06 07 02 02 01 05 02 03
08 06 06 02 05 06 11 05 08 11
11 07 05 10 11 11 02 04 11 03

05 05 08 06 02 07 06 12 05 02
09 07 08 03 06 10 02 04 04 04
03 02 02 02 03 06 03 02 02 01
11 11 07 03 11 11 04 05 11 11

03 03 11 03 02 03 03 11 12 04
02 01 11 02 08 02 02 04 11 11
04 02 08 11 04 02 10 09 07 06
07 06 05 06 07 05 06 05 02 05

02 04 06 05 02 07 06 01 04 06
07 02 08 02 02 02 09 10 08 11
02 05 03 04 07 02 06 03 11 12
05 03 11 11 11 04 03 05 03 11
